31
1032
3
90000_7
1 1 2021
15 2 2021
1
69691_1
15 3 2021
0 0 0
0
72031_1
10 5 2021
0 0 0
0
1080
2
51220_6
3 3 2021
5 3 2021
1
72031_9
5 4 2021
9 4 2021
2
1088
2
12029_8
25 5 2021
28 5 2021
2
69691_6
21 4 2021
4 5 2021
1
1155
3
90000_8
22 2 2021
26 2 2021
1
12029_9
1 1 2021
0 0 0
0
72031_5
21 4 2021
25 4 2021
1
1185
2
90122_2
6 5 2021
0 0 0
0
48321_3
8 4 2021
0 0 0
0
1239
1
90122_10
15 5 2021
16 5 2021
1
1244
2
60231_5
2 2 2021
8 4 2021
2
48321_8
6 4 2021
25 4 2021
1
1397
2
90000_5
9 2 2021
15 2 2021
1
51220_5
16 1 2021
19 2 2021
2
1403
2
60231_9
9 5 2021
12 5 2021
1
48321_9
3 3 2021
5 3 2021
1
1425
2
90000_6
5 4 2021
9 4 2021
2
54654_1
6 4 2021
9 4 2021
1
1429
2
12029_3
6 2 2021
15 2 2021
1
90122_4
9 2 2021
0 0 0
0
1431
3
90000_2
21 4 2021
25 4 2021
1
12029_7
4 4 2021
5 4 2021
1
60002_3
1 1 2021
2 2 2021
2
1435
1
12029_5
26 3 2021
2 4 2021
2
1436
1
55555_1
21 6 2021
0 0 0
2
1458
3
90000_1
22 1 2021
0 0 0
0
12029_10
20 5 2021
0 0 0
0
48321_1
23 3 2021
25 3 2021
1
1461
3
55555_100
19 7 2021
0 0 0
0
17897_10
19 7 2021
0 0 0
0
97807_10
19 7 2021
0 0 0
0
1484
2
98311_5
27 10 2021
27 10 2021
1
55555_69
21 6 2021
19 7 2021
1
1512
1
90122_6
26 3 2021
28 3 2021
2
1582
2
90000_3
2 4 2021
0 0 0
0
69691_5
16 3 2021
0 0 0
0
1586
3
12029_2
30 4 2021
18 5 2021
2
90122_8
15 5 2021
20 5 2021
1
51220_3
23 2 2021
27 2 2021
2
1602
2
12029_1
5 4 2021
10 4 2021
1
90122_1
25 3 2021
0 0 0
0
1805
2
55555_12
21 6 2021
0 0 0
0
42003_6
21 6 2021
0 0 0
0
1809
2
12029_4
28 2 2021
0 0 0
0
60231_1
1 2 2021
0 0 0
0
1847
1
90122_9
1 2 2021
18 2 2021
2
1883
1
60002_2
11 1 2021
15 1 2021
1
1887
3
90000_4
12 2 2021
18 2 2021
2
60231_8
1 4 2021
2 4 2021
1
51220_4
20 3 2021
0 0 0
0
1925
2
60231_2
15 4 2021
30 4 2021
1
48321_2
6 2 2021
9 2 2021
2
1958
1
90000_9
30 4 2021
0 0 0
0
1967
3
60231_6
12 5 2021
0 0 0
0
48321_10
3 5 2021
0 0 0
0
69691_2
15 1 2021
16 1 2021
1
1968
3
90122_5
23 2 2021
25 2 2021
1
60231_3
3 4 2021
0 0 0
0
69691_9
1 5 2021
25 5 2021
1
1997
1
90000_10
20 2 2021
28 2 2021
1
