1458
1425
1809
1431
1512
1883
1997
1586
1032
1847
1887
1155
1429
1958
1080
1397
1088
1968
1582
1602
1435
1239
1185
1925
1244
1403
1967
1805
1484
1461
1436
1675
1496
1702
1217
1664
1950
1494
1860
1882
1090
1463
1076
1588
1583
1213
1237
1806
1376
1140
1557
1263
1396
1595
1746
1229
1738
1548
1837
1407
1389
1181
1401
1362
1024
1585
1626
1825
1571
1538
1891
1455
1893
1709
1862
1721
1537
1659
1634
1380
1203
1510
1593
1059
1976
1907
1385
1640
1924
1016
1851
1063
1983
1881
1443
1760
1622
1786
1368
1819
1300
1468
1524
1452
1625
1257
1381
1789
1325
1154
1464
1270
1663
1447
1996
1171
1572
1938
1179
1271
1395
1954
1811
1830
1005
1163
1206
1959
1839
1616
1648
1509
1417
1761
1008
1042
1412
1341
1020
1071
1081
1775
1472
1943
1918
1488
1718
1714
1343
1361
1410
1249
1630
1174
1863
1315
1544
1092
1375
1594
1638
1334
1122
1036
1324
1739
1977
1575
1936
1314
1408
1327
1357
1328
1774
1460
1280
1254
1500
1874
1601
1923
1824
1015
1597
1000
1454
1758
1234
1620
1674
1211
1972
1064
1457
1724
1479
1791
1749
1607
1604
1679
1677
1763
1545
1142
1232
1243
1875
1514
1386
1618
1922
1684
1078
1481
1304
1167
1145
1049
1850
1241
1469
1843
1143
1921
1906
1416
1793
1345
1823
1909
1513
1574
1596
1348
1186
1611
1756
1559
1713
1706
1670
1449
1162
1438
1686
1933
1992
1531
1698
1399
1475
1796
1286
1366
1180
1072
1285
1123
1442
1501
1784
1411
1542
1894
1258
1898
1852
1555
1058
1193
1889
1879
1549
1854
1911
1533
1413
1026
1732
1159
1052
1108
1741
1134
1720
1783
1118
1745
1584
1770
1999
1849
1490
1427
1379
1712
1592
1251
1660
1199
1949
1649
1916
1895
1010
1834
1915
1613
1511
1149
1700
1808
1450
1605
1290
1110
1864
1903
1133
1527
1885
1339
1947
1525
1093
1096
1086
1284
1112
1344
1173
1158
1878
1240
1873
1704
1014
1751
1132
1676
1189
1358
1937
1198
1273
1346
1693
1995
1161
1178
1265
1917
1141
1256
1245
1951
1657
1079
1406
1261
1519
1065
1404
1629
1591
1788
1456
1477
1603
1711
1599
1001
1993
1632
1378
1503
1853
1106
1899
1029
1928
1562
1194
1292
1798
1772
1845
1353
1275
1228
1329
1054
1151
1002
1114
1643
1085
1322
1207
1433
1127
1184
1869
1296
1642
1097
1044
1392
1564
1669
1694
1645
1552
1220
1451
1651
1780
1927
1021
1631
1117
1201
1053
1083
1880
1352
1737
1489
1190
1633
1388
1753
1792
1495
1278
1226
1355
1681
1857
1428
1757
1233
1535
1526
1305
1570
1191
1884
1195
1056
1169
1794
1577
1121
1842
1131
1297
1384
1623
1295
1912
1856
1939
1197
1652
1006
1569
1414
1150
1235
1444
1687
1268
1736
1901
1505
1646
1764
1225
1111
1787
1116
1101
1028
1600
1398
1945
1205
1269
1209
1157
1087
1650
1932
1668
1534
1420
1446
1973
1370
1491
1137
1272
1098
1023
1215
1374
1459
1919
1666
1981
1799
1311
1309
1697
1267
1870
1350
1262
1913
1377
1820
1908
1621
1405
1419
1606
1920
1900
1347
1424
1119
1754
1813
1316
1100
1785
1282
1480
1504
1990
1707
1688
1827
1177
1624
1984
1168
1914
1074
1547
1221
1349
1987
1590
1948
1766
1448
1667
1222
1204
1326
1027
1418
1902
1722
1587
1471
1867
1499
1971
1025
1340
1260
1905
1188
1486
1473
1963
1303
1018
1068
1696
1767
1982
1462
1066
1250
1518
1077
1502
1768
1360
1821
1966
1182
1589
1266
1778
1200
1439
1831
1934
1777
1004
1091
1062
1035
1409
1835
1817
1105
1046
1313
1084
1729
1253
1935
1277
1978
1665
1231
1103
1682
1866
1747
1223
1369
1107
1556
1653
1636
1351
1744
1743
1980
1238
1877
1719
1483
1838
1104
1658
1904
1833
1051
1508
1387
1299
1485
1957
1138
1156
1886
1382
1013
1998
1187
1338
1861
1293
1965
1012
1393
1019
1654
1432
1335
1655
1371
1359
1814
1356
1434
1826
1961
1136
1822
1415
1308
1960
1561
1095
1717
1276
1807
1815
1342
1550
1039
1726
1208
1750
1298
1130
1507
1955
1160
1716
1043
1876
1073
1725
1440
1470
1969
1227
1055
1543
1047
1627
1612
1467
1031
1331
1740
1872
1730
1991
1146
1520
1617
1082
1333
1465
1565
1802
1844
1897
1332
1647
1422
1426
1170
1125
1979
1532
1365
1705
1172
1892
1803
1037
1546
1497
1946
1128
1289
1067
1196
1728
1176
1033
1953
1762
1974
1964
1120
1242
1576
1306
1703
1003
1956
1609
1498
1781
1373
1367
1639
1699
1536
1710
1038
1219
1940
1530
1731
1672
1274
1069
1810
1135
1372
1836
1230
1855
1089
1009
1748
1492
1294
1816
1580
1673
1619
1445
1192
1752
1075
1164
1264
1661
1608
1453
1011
1755
1859
1279
1441
1568
1321
1683
1493
1558
1165
1656
1578
1487
1690
1383
1310
1782
1742
1246
1147
1034
1515
1152
1363
1421
1115
1727
1522
1144
1868
1988
1400
1307
1113
1291
1801
1210
1320
1516
1218
1790
1888
1022
1317
1735
1989
1259
1336
1926
1060
1319
1941
1944
1551
1797
1800
1734
1553
1045
1506
1598
1102
1962
1030
1041
1528
1776
1689
1214
1566
1692
1521
1759
1287
1929
1865
1970
1337
1769
1846
1216
1614
1910
1890
1109
1840
1581
1148
1952
1828
1099
1771
1430
1985
1930
1070
1394
1804
1695
1247
1301
1482
1871
1858
1040
1563
1994
1183
1818
1832
1129
1017
1573
1166
1252
1779
1402
1662
1437
1685
1975
1715
1202
1896
1540
1541
1212
1635
1423
1644
1579
1061
1701
1637
1691
1628
1255
1986
1931
1848
1474
1312
1523
1390
1048
1175
1615
1126
1773
1124
1517
1733
1281
1671
1678
1224
1057
1139
1354
1567
1765
1478
1476
1050
1812
1680
1539
1364
1942
1829
1795
1610
1094
1318
1153
1236
1248
1841
1723
1391
1330
1323
1283
1529
1641
1560
1466
1302
1007
1708
1288
1554
