6654
5066
6183
2329
4077
9427
6379
2547
6476
5939
4696
2563
6792
2859
1518
4680
9450
3899
4452
8559
9163
1839
4026
4006
6272
9975
6223
9913
1575
8364
8149
2748
7697
9096
7778
9330
5193
6798
7680
3510
3891
2674
7695
8641
3824
7217
2048
7619
7489
5884
3581
8381
2402
5177
4664
2326
5674
4515
5922
5932
3735
6251
9661
4037
4959
3598
9876
2599
7108
6217
2665
1549
7624
6523
5087
4171
3370
5098
1961
2396
6759
3785
5746
9889
4348
5928
4063
2277
7587
1364
1218
2503
3669
6057
4928
3600
6239
6829
2597
1966
2127
9878
1254
7864
1265
2207
9832
2770
4397
2719
6959
3163
8995
8098
6749
1130
9597
8621
3389
5052
4718
8532
6624
2766
4957
1765
9745
7892
1661
4464
5506
2133
7816
8542
4510
5061
4650
8630
3666
8295
2428
8655
8878
7065
3156
1895
9436
6383
8091
1004
1864
6418
7096
6889
4104
3755
5507
7211
4095
4131
6620
1629
6524
9260
8933
7024
3696
8429
6165
9607
2192
9666
4199
7266
1192
3203
9738
1768
2673
1414
9658
3427
5435
9615
6623
7719
6639
1095
2556
3508
5006
4091
9036
3790
9469
3639
2870
1871
3504
9066
2828
7784
3137
9624
4738
7128
7009
2795
2240
8577
5747
3242
3703
2570
9171
4134
1314
4322
1991
9574
3144
5754
3056
4694
3400
1664
2716
3992
5418
4485
9871
3694
3171
5430
2936
4822
6644
5223
2606
3597
1479
4457
4372
4523
5140
4286
3940
2596
3452
9813
6154
2797
2884
6705
8675
3094
2189
7898
8653
6933
8038
5213
8928
7403
8844
5979
1043
5926
1365
5541
5644
8662
7895
8089
5563
6602
5758
6883
2542
1027
4367
2957
9496
9852
3849
8496
9151
8742
8598
9437
8729
6250
4960
2702
1797
3015
8223
8528
6049
9657
1497
5004
6573
3374
4016
4389
9640
3535
1943
3788
5767
4927
6395
8099
5118
9769
8815
3453
6380
9327
7690
3934
8610
5056
4820
5007
8021
3217
2975
2164
8248
5387
5627
5788
8388
1829
2701
5058
3777
7048
9487
2352
2179
3356
2684
5172
1889
5246
9907
4269
7900
1376
3271
1792
6256
4915
1910
4858
4282
9403
5669
3798
1402
3314
2098
6258
7235
9183
7570
3341
3049
7092
9107
3650
6941
5629
3004
6192
2567
2909
6098
8582
7417
6666
7818
5801
1118
7524
2469
3313
1923
6264
6615
8232
9134
4201
2287
2122
7112
5628
4553
6814
3623
9555
9440
3612
3991
3445
9880
2151
1785
1699
5499
5205
9348
9398
9809
3900
9996
3206
6519
1032
2455
5407
1338
9704
1605
6898
7959
6571
3261
1024
7693
3740
1512
4352
8940
2726
3029
4765
1269
7687
3936
9785
5347
7552
6509
2960
6236
9820
8465
7616
6077
1879
8287
2986
7122
2076
6464
3307
2193
9899
3031
6159
2671
6723
6521
3047
5115
6369
5827
1071
7119
4121
2456
4094
4246
1081
5479
3617
3471
8342
4188
1427
5039
3492
7150
9631
3923
1432
3897
3729
4086
4360
9493
4658
8584
2573
3662
3778
8952
8088
2493
1107
4276
1059
4039
2772
8798
7529
8637
1523
3440
5256
9212
4492
5830
2173
6788
6141
1770
7600
1304
1498
5892
1636
1654
8620
5688
5738
6414
8139
3907
6260
3919
1878
1743
3132
4552
8715
2032
4182
5558
2026
3235
1173
1685
4665
1487
3842
4363
4616
8243
5704
5726
6156
3091
3931
9117
9810
6554
3854
8167
2106
3725
5192
9910
6410
7098
3562
2377
2495
6104
4932
1395
9223
2249
1996
1982
1546
5553
3348
5912
8929
9235
9705
5988
4644
8175
4840
3734
3294
2314
4404
2239
9788
4118
7938
2150
2796
3985
4741
4949
1551
6756
9502
7179
2867
1186
4381
1510
4010
3482
4653
7317
4967
6326
7705
4853
4506
1981
9310
9826
5618
7281
6406
5699
5340
3289
7591
3231
8920
9130
5040
5355
1840
8007
3089
1473
2348
9071
5711
3655
7769
2541
5783
6649
6319
3621
2802
4237
8985
7085
1711
8010
6736
3147
7033
1595
3318
4347
3529
4879
7785
5566
4326
3178
3059
6781
2907
4420
8503
7326
3360
4502
6454
3219
1440
4787
9864
9064
3903
6660
1446
6895
4027
8228
5485
6197
5899
5036
3677
3417
8302
2496
3728
6450
1614
4138
3658
5777
4443
9355
9720
2588
8061
4193
9032
5911
6187
7178
5823
6638
9147
2081
6840
6966
8818
4031
5723
3276
8686
8739
8349
2822
1434
1773
3351
5713
3530
7015
3353
2331
8936
4885
5130
1638
6143
1653
5492
2645
1068
7057
9861
1322
2021
5630
7795
2758
4466
4815
7545
5865
7790
3213
8494
6491
2505
4782
5925
5930
3182
9133
7742
6690
1241
3399
3058
2217
4562
7062
5786
3223
4108
8623
1731
5206
4415
8249
1078
5470
6857
2921
3638
1082
1837
3649
9697
2492
1862
3956
4875
6861
3188
6069
1930
6768
6412
5306
8943
3114
2006
6441
5188
2343
6397
4144
3796
2640
5026
8270
5575
8446
3986
3844
7880
6492
7539
7633
2407
5931
3606
7714
5528
6372
1344
7382
5775
7516
6288
5178
5225
5868
6175
2992
7602
4071
3561
6224
6664
3676
5171
3055
1480
2413
7288
2616
3771
6665
8749
6587
8150
3559
1062
3284
6424
4508
4600
6160
4471
5732
5822
6350
9599
1531
7368
8343
3500
4411
5781
7732
1515
4972
8945
7560
1722
9779
3368
1140
7588
1822
3062
4059
1370
9713
4042
6952
1639
2818
1946
7715
5647
1642
8851
6850
5790
4724
1464
6303
5752
7328
1796
3345
7005
4256
2030
4593
4850
4312
9433
2073
4549
5543
2695
5718
1349
2958
3119
1424
5356
3292
4160
7045
5286
3204
1678
4011
7141
6340
7984
9461
5645
3126
8408
2113
6373
1375
4424
7777
9472
3443
8838
7629
8546
8246
7879
7194
1571
3194
7765
7471
5804
1759
6420
6109
7519
4734
9344
5017
4591
5381
6003
8816
6867
1843
5255
1738
1766
1044
6764
8324
1264
5547
7284
6635
5703
9172
7916
4478
3836
8047
2775
1197
4140
2447
5260
9189
8904
3435
4105
4124
9840
9719
5268
8957
1456
7775
5272
1411
1175
5042
6336
4848
6132
1656
2436
1246
2374
6992
5156
3160
2344
9560
5982
8213
1817
1145
8868
9314
9061
5606
9509
7654
3835
3926
3536
5695
7933
4648
1178
6761
3943
4330
2168
3274
5474
7955
4599
6055
4568
5766
9413
1481
8498
1993
8646
5080
3165
8822
6674
2518
5203
1832
5072
5847
7581
5701
6007
2093
2917
3967
4528
6659
5759
4198
5779
7912
6403
9729
7737
3825
7608
4652
8207
9501
5216
1251
2317
4321
1542
2949
2028
9251
4634
2598
3653
4662
9674
2383
5218
3258
4499
4971
5284
5655
2108
1965
5002
5529
7369
6280
5001
8255
8078
4002
8415
1644
7082
3582
3913
3086
2391
1012
1682
7114
9920
8455
1378
1647
1152
1351
2906
7510
7700
2074
5310
4098
8410
1534
8361
5399
6961
9249
6566
2628
7550
2875
4778
4522
5960
1618
4132
6181
6401
7456
6632
7985
8492
4192
6300
3526
6371
6139
7572
3131
1687
1684
5942
4965
2610
3821
4679
1037
8744
6864
1219
5141
2580
9194
4068
6145
7437
5229
8013
5273
8291
3420
4899
5846
8146
4794
3591
1035
8576
4139
8711
1428
4752
2572
8827
7029
4106
7461
3685
5263
5873
5251
9225
6314
9608
7206
4325
9084
3210
6232
1274
7013
1384
4631
2209
3690
4890
3265
9368
6067
5083
9123
1225
4336
3216
7767
5805
1216
2638
1006
4461
9954
4155
5209
8885
2965
2561
5152
1439
5808
3918
8746
3548
9022
4796
3678
3789
5149
2579
6295
2760
1401
1320
1208
9764
1449
5191
9530
4861
5856
6724
4845
4814
6773
8881
3841
5772
2378
1628
8673
8000
5343
7441
2821
6423
2213
1150
1491
2762
3205
7151
7573
6086
1972
8051
3411
6817
3622
3525
3738
7002
8745
9233
4436
1918
2457
7733
4462
7059
2468
5640
3018
3234
9094
3393
3611
9949
7049
6019
2662
5030
9177
9639
7961
3164
8079
2292
7339
2781
9791
9787
6906
4156
1009
5782
5502
4260
9156
3442
8085
4455
1190
6247
7285
3322
6425
2807
4806
5574
2221
4057
5409
9756
4560
4968
2500
9069
1870
4384
4760
3117
1260
7392
2362
2351
7093
4281
7106
7110
5795
4012
2813
5491
8433
7996
5730
4151
7324
6432
6363
1553
8691
4183
9213
2669
1506
4767
1242
8159
7696
7726
4422
4257
9230
9237
6877
4303
6998
1285
9537
1306
7507
3241
4963
8008
5198
6528
8266
6066
2114
5611
5720
6869
3922
3862
6578
3083
6652
1115
6957
3125
6512
4369
8459
3635
2131
1229
4146
5940
8347
9482
4221
9723
1468
6478
5700
9380
2988
9409
5934
9712
2390
5325
2154
8394
5312
3795
9470
6847
2890
6899
3101
5878
6081
8017
3850
8101
8177
2708
9817
2251
5102
7109
8813
2624
6586
6161
8478
7512
8058
2898
9679
6074
7466
2840
5969
1390
3845
6331
4438
7947
2962
9226
9372
2672
5712
4407
1659
4054
1735
3423
8970
8640
2435
3652
2667
4285
3290
1597
2535
8524
7809
4447
1677
7668
1944
4289
9848
4685
5981
6743
1736
5923
4994
2271
9885
6740
1377
3192
5417
3228
9484
5415
7664
8400
2888
5890
3982
8106
5361
5453
1916
7620
7429
1693
4613
1053
7121
4408
4505
8340
3169
5374
2421
9843
6892
4013
3381
1403
4798
9180
8151
4797
8883
3783
4268
8299
9922
6790
3467
9262
4217
4582
2737
5867
9129
4366
6650
4714
2520
2983
7408
3541
2058
2833
2980
6037
3733
4419
3298
8077
9113
8976
9459
3488
8701
6580
5990
6054
6787
2109
5234
3365
5818
1780
8512
1775
4220
3366
1158
2764
5220
9519
9285
7395
2355
4004
2976
5342
9033
3953
1767
8854
1163
4385
7605
1952
1315
2806
9677
2332
8556
9363
1589
1353
4092
3288
4678
4791
8720
9394
9232
5577
8461
7250
1205
6935
5215
1641
6912
9630
7406
8566
9297
7863
6923
8990
9018
4866
5716
8671
8121
5060
3829
2330
6178
8807
3853
6687
3038
1649
4053
4887
6434
3151
7625
2486
2998
3637
7870
2627
1136
8821
5845
9351
3121
2964
3202
1831
3197
3971
8202
6945
3127
3801
1619
8778
1459
9338
6653
6875
5248
5980
5962
4981
7891
3394
9999
5158
5427
6629
3416
1236
4581
2631
7387
1467
7353
6241
9085
2816
5906
9893
1798
8080
7799
5515
8961
4500
9553
6222
6392
5694
8036
4548
4565
7018
1369
1196
4324
2279
6673
1341
1579
4453
2361
7037
2096
3896
6305
7334
7410
4133
3565
7856
4055
2363
6876
3832
2903
7219
2429
9767
9572
6443
3506
4410
1185
6000
8226
8810
1505
8874
8174
1116
2311
1764
8518
9157
6344
6507
5603
2689
5091
2990
8242
9162
8824
3683
7487
3138
6547
1214
8313
6271
4983
7603
1356
2475
8996
5447
3025
1404
1953
4973
3248
8015
2832
6611
6866
2778
6995
3928
9290
8907
4090
8634
5975
9953
4036
3605
6140
9744
1632
6376
6244
9970
2349
1137
4374
4705
1156
1550
5431
3050
1309
3106
3917
9548
2262
2121
6527
6327
4346
5696
2789
5382
4254
1989
9309
1835
3764
2315
1223
2710
3256
8682
4170
7779
7064
6964
4926
5813
2423
3480
9090
3122
6317
5658
7229
3379
6979
1476
3892
2476
3067
1898
3766
7322
6119
1076
8308
3376
7836
9797
3098
2368
2281
6689
6871
9153
2615
2724
6598
8567
7104
4710
7026
9554
7148
2548
3475
2236
6520
9499
9245
2137
3880
9766
4770
1454
5084
8179
5015
2341
2431
2803
9252
8679
7590
8495
8754
6060
5111
2868
9307
7561
6498
1951
9352
4884
2670
3224
5592
5549
2502
8018
8500
3587
8222
8944
7479
3051
9533
2506
9367
6882
3718
5977
4296
2954
4726
2104
6031
3142
9007
8237
5411
8552
1670
5258
5665
3878
3252
9457
1666
2162
9816
4250
5444
1052
8628
5586
4448
6269
3509
3413
7943
9932
7990
1164
7262
9969
2681
9725
6284
8069
7270
9463
4173
3301
1049
2826
9358
1727
1825
4270
5167
1360
5328
7583
5552
8336
4547
9927
2268
7977
1812
3331
9365
1091
1084
3021
6315
4633
2474
9968
7227
9702
2604
4790
2745
5445
9446
3702
2782
6193
5187
6070
9595
2203
7171
6621
3807
7618
3185
9366
9746
6005
3149
1548
4205
3947
1544
9721
8389
1754
7021
6485
1648
3285
4159
9063
6505
4380
3993
2622
3644
5687
4792
4610
5483
2749
1939
4813
7631
3888
6238
3816
7609
2650
9341
6220
4630
3779
3794
1010
8800
7000
8555
5518
9086
2012
1248
7940
1045
1366
3745
7061
8164
8092
7791
3674
5957
1570
6750
7297
4264
6276
3983
8618
9765
6341
4728
9059
4162
8602
5396
2061
4292
2273
6488
9142
6127
3590
8126
5059
4204
7311
1075
1430
8310
1508
9524
6362
1809
3104
4757
4226
6014
4622
9814
5075
1308
5097
6242
3602
5995
2433
1477
3327
8125
8214
5473
5880
5731
7063
4056
5278
3633
4333
5081
6522
8401
6225
3255
3145
1826
9598
2913
1708
5106
2693
6053
3688
7728
8919
1031
8702
7407
6026
7255
1801
1976
5648
1920
1950
2551
7196
8633
7987
4194
7055
3776
6435
1441
6446
3631
7698
2182
4418
6087
3924
3802
5339
5893
3960
2039
3744
1913
4683
4900
3866
9125
3046
8992
6661
2152
6308
4396
6780
8046
5793
9439
4700
1565
3823
7962
6472
8718
6079
6347
9277
9396
9981
9851
4924
5127
3964
6688
6449
6004
2063
6461
8265
9678
1841
1261
5085
8199
1593
1908
1200
6048
9584
2683
9468
7187
9847
4614
6936
9304
5392
5860
2365
2793
1442
3646
7111
2996
8817
6733
2276
2437
1791
9295
1700
9730
1985
9010
7007
3592
2419
6709
4636
5999
3088
5076
6813
4319
1635
7385
2101
3773
6493
6752
3008
6993
5965
7551
7889
7678
8240
2353
3010
5968
8399
7290
9070
7472
9296
2581
7144
1734
5476
5395
9168
1885
5368
9488
5068
4083
5301
8166
3408
4306
6227
4211
3232
7010
5662
9339
6801
2222
6257
8760
3921
1227
7776
2291
1132
5943
1050
3684
6361
8910
1662
9751
2187
3537
3378
6266
7425
6293
4612
2303
2051
2876
3337
5670
5607
5123
7177
8656
8100
3272
4942
6035
6728
4849
9752
4099
4493
1113
7811
8997
1751
6872
5778
3424
7626
8230
1187
6177
4603
1289
3497
7877
1994
1697
1334
6438
1457
6791
3474
7901
7439
4919
6261
7952
5221
5314
1305
8180
5477
2794
5280
3485
5785
9940
7423
7764
1558
6205
4165
1855
1165
5449
4073
5531
8452
9703
6824
5614
2602
2815
1466
1072
2543
7176
5849
8196
5348
8988
8657
1310
1640
4066
6394
8849
1141
4788
4169
5851
4142
2660
2858
4390
4503
5094
6448
2191
3760
1511
4280
2729
4219
7740
1601
6680
1771
6320
7273
6806
6229
1102
3135
8587
5107
4661
5439
4677
5769
2095
4554
1134
1188
6417
1521
7443
5175
9422
7039
2574
4153
8485
1671
2184
3092
5503
2682
6107
2727
8550
7997
3230
6163
7672
8968
7699
2358
4995
8603
8521
3726
5459
1799
6647
6504
6859
9645
5029
9323
4392
7421
8224
4852
5257
4961
6928
4615
6698
7804
5933
6612
4247
5359
3767
9625
2038
2134
3501
2041
9795
3174
3426
9164
6058
3515
4342
4829
6196
1749
2905
6426
2664
1159
9748
3589
3978
2995
8681
2712
6510
9185
1054
7674
6075
7138
1419
6863
9616
6816
4803
6668
4184
6985
7522
3457
3398
2750
2139
5954
2165
1703
6093
4975
8766
8449
5184
8605
3454
2912
9047
1863
8253
6535
8617
1483
2089
5434
7806
2571
4486
5261
6865
8887
3311
1063
7180
5210
7470
8808
4970
8941
2993
7302
3954
2224
1138
2200
1429
6237
7249
3712
3624
9364
6918
5937
7893
4516
2166
1716
6080
2586
5211
1958
9411
8147
1979
2790
7580
9701
2519
3927
4195
7589
5016
9045
9909
6459
1199
8049
6172
2743
3181
7783
6802
4239
6221
7465
5294
6102
3660
4576
3459
2386
3315
1249
2736
4045
4474
7964
6538
9800
3297
9067
5450
1496
4444
3477
9874
1541
6575
2448
1897
3516
8424
8505
5346
3361
6606
1381
2062
5621
4266
7854
9384
7702
4152
5755
6560
3716
7592
4912
1379
6322
4931
4232
2948
6091
1000
3227
7597
7140
6214
3486
8801
8626
3390
1522
9234
6785
4427
3433
5420
2445
2080
1903
6254
4214
5277
2138
2575
7707
9881
2951
9822
7721
4531
5292
2880
4020
6408
4966
8011
5481
4227
1902
8238
8914
9512
2742
2691
3233
4985
2171
2336
8284
7188
9391
4872
1774
9916
2424
2065
6699
8515
6725
6180
2601
5241
1733
8348
9505
2007
2382
6312
1303
9508
2029
7263
8329
3969
9620
2238
8170
5832
4712
4308
8104
2845
1949
8905
2560
1177
2539
4405
5608
7970
4014
5448
9772
9974
5774
7305
7146
5650
6917
1111
5065
6942
9559
6777
9140
7346
5363
4938
1362
5689
1883
3905
4754
1348
7749
9306
1604
1470
5679
2130
3981
5022
8809
5199
2092
5489
7117
4663
3063
9024
9956
9771
2305
4627
2024
8906
5250
7301
7468
2970
7115
6657
6430
7736
4186
2511
3403
4472
1847
5336
2087
2651
1914
9179
7541
8926
3019
4846
5064
3002
1823
7173
8064
1463
9088
1262
2282
8722
1552
4149
9650
7231
1834
5313
3430
8328
9149
7208
4327
5571
6409
2231
2786
5120
4150
8839
2830
2339
9053
6648
8963
9518
9716
8314
5938
2290
5595
6158
4923
5245
8002
1048
4689
9371
5044
6651
7766
1740
4167
2047
9830
4293
6466
6011
8206
3629
5309
5993
9076
6549
9589
1318
2333
3377
4344
3082
3372
7160
7232
7153
6793
6334
9709
5321
8065
3579
7113
9644
5189
3463
2406
2272
6111
2512
4376
2765
3414
1872
1563
2123
2270
9774
6516
6307
4328
7538
5869
1286
4747
5046
4388
1622
4000
4267
9672
6729
4913
2099
9462
6585
3761
2175
8454
1576
8705
6625
5170
7701
9292
7920
3578
3060
6821
7724
1591
4315
4148
5616
2723
5185
5048
3367
5112
7325
1129
2871
8306
5371
1794
3402
2312
4423
3809
4377
6760
1517
3343
8586
7455
9952
4290
6353
8063
6557
7735
9621
3872
6445
4987
1393
9095
8437
3952
7091
6543
7199
5125
4577
6595
8526
7056
5622
5202
3330
1853
5841
6921
4242
2994
5921
5796
4350
7622
1715
6734
6903
7391
6915
4212
1230
2981
4733
2714
3291
5539
3741
7431
2554
6230
3329
5298
9583
7734
1127
2205
1615
5966
1680
1494
6888
9196
6096
5207
3887
2488
5728
4179
6627
4088
8219
8042
6579
3371
9546
1371
4373
5025
4749
2086
1742
5673
7770
8585
5274
5949
7492
2054
3003
1350
2661
5460
8412
7496
6085
2811
6027
2920
1702
3544
4776
6852
5331
5159
5139
1707
7747
7738
7567
1607
4507
1451
2425
4190
2721
5661
4222
6121
6330
2620
1999
1385
4080
1805
3196
6589
1536
2552
5117
4166
3507
5757
9131
2297
2715
5011
9158
5183
9641
4335
2426
5390
8565
1861
5520
3620
6206
5657
8445
7452
2946
7941
6162
4277
6489
3593
3699
8083
6776
5297
6706
9357
9485
3570
4617
2135
8441
2186
1860
4358
3671
8873
2126
5811
6531
2229
2799
9844
8876
7946
9121
7954
5663
9689
3320
4690
3641
5160
8464
9757
9186
3877
9606
1762
1122
5164
2454
3354
4604
4387
6570
8168
5641
6245
8402
1710
1611
4771
4310
5079
4187
7040
4089
8280
2769
1962
4467
5181
2170
8210
5612
1374
7132
7823
2409
2169
5132
8510
9734
3283
7298
9238
4902
4986
6841
3186
4234
3321
5402
3819
8316
5023
1933
8672
1266
7815
5803
6015
8802
2484
6596
2911
7318
2630
6732
7323
4567
5797
7079
5556
3912
1806
6784
9818
6593
5573
7435
5601
8142
7170
6405
6716
3567
9534
3987
8700
4755
1880
8203
2395
4305
7885
9220
4125
8054
4307
1980
7356
2642
9282
5524
9046
5751
9567
8398
4439
4589
6283
8562
2301
2774
2536
8093
3491
7606
9390
3724
5765
4930
1373
6879
2044
8613
8476
1212
1153
8595
8501
8450
5195
9821
3568
1051
9872
8264
5150
4113
7338
2304
5464
3552
3753
7124
3706
2090
6046
3765
3300
8112
2112
3470
1423
3309
1239
4917
9786
6645
2897
9841
4185
8693
7360
5168
8346
9601
4891
6713
9382
1086
2656
1675
5725
8611
1849
6296
7883
2254
7336
1956
8647
1202
9962
5941
3855
3545
1857
7848
9594
1696
3214
7084
5457
1728
6982
4019
4695
1284
2102
2924
3432
7184
1610
4836
8935
8135
5116
6518
8689
2440
8153
9167
1321
4339
6335
6108
3099
1594
9526
5555
6189
9087
9811
9660
7052
8761
1938
7832
1478
3245
1787
3032
1198
9490
5432
3159
8157
3966
5568
7011
1257
4751
9359
5987
5861
1388
5971
1990
3958
2787
7438
9838
1060
5656
1932
6583
9227
5180
2023
9012
5151
9904
9430
6533
1665
4713
5998
2895
6983
7718
6169
1896
5944
1899
9374
8986
2882
7396
2777
5204
2617
2655
8081
8216
5090
1243
2559
4251
1948
9015
7569
9343
4867
4249
1555
1890
3200
9281
7215
8755
7370
1694
3945
5842
2105
5104
4688
2228
2841
8897
2100
5828
7645
2302
7053
7649
1147
2478
4860
2621
9345
8607
5745
6100
4947
7074
9126
4952
5791
1131
9875
5542
9798
7278
8420
1882
2461
9531
2342
9101
4883
2316
7309
9573
9862
1936
3886
3596
2144
9145
8539
7190
3304
8917
6390
1543
5290
3007
8504
8338
9617
1658
7903
1535
3756
8148
4584
1337
5685
2779
5749
2982
3418
1530
1016
6263
5919
6043
7087
4699
4697
5690
1258
9739
6231
9050
8762
9214
1892
8547
8659
1876
9579
8019
2401
5559
5142
2036
9266
2083
6052
9062
5504
6310
2071
5166
4768
4868
8690
2823
4764
2753
1955
1612
1391
7483
8456
4709
1255
3937
1020
9350
6885
2751
6642
8825
5426
9474
3421
2027
7394
2654
5103
8040
5897
2267
5905
4530
5706
5281
3229
1458
1469
3238
3861
3933
4762
9293
8589
7031
4129
1169
1681
5511
7446
6634
7544
4598
8273
4844
5179
1730
7786
4465
4725
2040
3201
8129
8636
3546
9118
6574
9780
2641
4898
1495
5469
4300
3016
6226
6199
7963
7349
5834
9849
8615
1709
5879
7192
2381
5620
2473
1126
8451
2759
4729
6937
5844
6316
4365
9647
1927
3259
9116
9173
4062
4440
1717
4834
1772
8765
3383
5465
5707
4575
2003
5526
9383
5632
4802
4475
7094
2963
3563
6953
2516
7503
6601
5692
1760
4789
2865
9270
6475
6846
2195
6089
5385
6525
1868
6973
4504
1211
3867
6038
3965
8972
4540
2955
4882
6313
1283
8723
4534
7860
9507
8537
2623
6402
3681
4437
3349
6117
4421
3636
7839
1460
1609
2190
6608
3020
9945
6389
8740
2725
3152
5269
4536
3743
4670
9207
8812
5840
3630
8048
4878
1017
5991
3990
9017
7658
3170
3609
9191
6541
4123
8370
5119
1014
3908
7635
7810
8358
3124
2838
3797
9942
4756
2463
1808
1272
7130
3184
2206
5389
2746
3236
6622
7384
2731
3616
8417
3634
6894
4253
3599
9217
5062
4494
9692
8782
8029
8469
1585
6670
2067
6451
7517
8513
3333
8122
2540
2097
7837
3014
5976
5924
8694
7745
3576
3904
5496
6490
5948
9988
6511
6858
6897
2392
3551
1447
9261
5200
6904
3822
7264
4811
7709
6255
9081
1613
7710
8020
6720
3034
7327
2034
7424
1617
8833
7504
3749
5351
7958
4357
8372
3754
4518
9228
4231
5773
8574
5329
2033
8554
7731
4147
8725
2477
7341
4215
4200
5124
4229
3890
1492
6497
6856
7252
6686
9743
9442
2117
3226
9184
8233
5487
6766
7191
2497
9628
9614
7924
8544
3731
5462
2400
1104
4766
7919
7594
9652
3951
1537
9943
9386
6881
6676
8033
6741
1587
5815
7393
1090
5134
2732
9354
2696
3654
6090
9452
3999
7774
2470
9686
2049
2136
9078
4394
6068
4624
2852
2703
7213
3748
3619
6129
2298
2942
4454
7216
5028
4382
8236
9667
3997
1596
5698
3173
5705
9317
6355
5176
7957
1013
2300
5525
9137
3732
1620
4441
1235
9778
6561
3022
7075
9789
7670
7377
5262
2299
2940
3668
2728
7016
4674
3584
2848
8181
6176
5498
5108
1954
6605
7684
8635
2018
8847
7125
7012
4072
9181
6352
8627
6812
2313
8775
1606
4225
5615
1361
2491
4908
9401
9441
1493
4176
2605
4780
1061
2632
7768
8103
8024
2280
5770
8393
8186
4406
4992
4609
7876
5482
5265
6763
9696
1002
7564
9272
1804
1119
6999
3437
5305
6553
8523
6151
5959
5388
7047
6481
5997
5324
9110
5136
7845
3521
6804
9803
4223
4252
8467
9618
6630
5958
3588
3211
5744
4745
8747
4426
8793
8564
7497
9434
3799
4979
5824
1282
4558
1290
9264
6529
3310
5519
3336
2544
7185
8472
2119
5533
3848
3560
2295
7383
7751
4209
2839
1296
4666
4856
2977
1307
5624
3503
4905
2128
9833
2592
4525
1963
3499
1838
6721
8489
3158
4618
5500
6558
7107
4207
8107
1562
6737
3670
6502
7557
9941
6559
4009
1803
7604
3286
7838
8777
1713
2234
1316
5252
3005
5802
4075
2810
1836
9445
1852
2523
2037
1590
6714
6083
5135
6012
1782
3792
4191
9318
6040
9174
5638
9152
4025
2167
5454
8973
9057
4948
8974
6185
6823
2056
5332
4416
2612
5259
4645
9114
6762
8967
8294
5961
1298
2678
9443
3538
6975
3879
6065
3095
8866
6569
4409
1154
2837
4085
5881
5397
2110
7126
1025
1859
7028
6482
7983
1038
1689
7277
5983
6208
1039
1580
2595
2792
6506
1041
6594
7476
6831
2199
6474
4172
7682
2904
8333
4619
2247
7292
6905
9265
8321
5677
3278
6039
5946
4962
4177
3180
9670
6609
8113
8442
5540
1533
3218
5227
9035
7648
9048
8624
4651
1977
5613
4730
9417
6399
4657
3028
5466
3719
6486
1698
3856
7858
7831
5833
1311
1066
5590
8650
4050
3429
1968
3116
6631
1042
4137
2328
1748
7374
5952
6097
4535
4611
1339
6292
8913
5715
1668
6480
1926
7019
7073
5727
2717
1151
2808
5428
7464
2202
4785
1942
5494
3103
6526
5967
5636
9244
8531
6855
5825
2896
5137
4608
5088
9924
6044
2501
4033
1247
7780
8983
6051
2873
9197
2388
3664
1329
9776
5642
7372
6484
9527
9551
4759
1210
7935
3998
2614
1372
6742
6956
2629
6345
4940
6349
9109
1490
6584
6191
9808
7120
9979
7069
2319
7001
6253
5598
2914
3555
1978
8939
3070
2657
1672
2450
2350
9590
1135
9933
9221
1720
4892
1233
4393
1092
1586
5597
1074
1398
6462
2060
9676
3750
2891
7457
3191
3339
1502
4953
7432
9858
3382
1288
7706
1333
4721
7640
6328
2075
1886
9898
5323
8028
4331
4101
2371
1263
3665
1087
4773
6619
4620
4301
6887
9406
3342
4414
4945
2522
5327
4259
4831
6908
3657
8390
2928
1226
5232
6693
3061
6138
4737
6164
5488
6050
2583
4524
3995
3723
7458
4451
4368
3441
4955
8413
6499
5562
8208
3898
9684
5201
3554
1455
7358
7847
2446
5352
7523
8022
9421
5019
3806
4982
3312
5896
4168
7950
1422
3687
8499
7183
9673
8965
4473
2707
4607
5333
5121
4590
6617
8956
8303
7843
6357
5279
3363
8517
7210
2278
7897
7978
2809
4413
6965
3815
6382
7271
4732
8645
5970
8471
4262
3262
4998
5437
7534
9948
8955
3000
6274
7240
6294
9682
5557
9267
5338
3542
5697
2926
8279
7243
3689
7380
9495
7793
9894
8405
3875
7286
8379
6064
3044
8741
7182
3385
3490
9361
2768
1207
1112
4579
2582
5681
5341
5784
9342
1755
8396
4793
1520
6174
9040
3208
4684
7209
1854
4343
4402
9231
6494
1332
2466
5523
7808
9480
4216
7939
1139
7207
1397
7657
3717
2972
5045
8165
5153
2111
8769
5478
6700
5303
7599
3415
6437
9198
5548
8733
1554
8138
4855
4842
5748
5579
2009
1444
6391
8325
1721
6381
6500
1252
2633
1527
3520
3359
3157
2393
4070
7129
8886
4828
5915
1945
4272
6018
1346
2619
2263
8428
8260
9006
6590
6243
5394
8493
4823
9938
3512
6433
2971
5012
8070
9897
4772
8144
4008
2483
1123
9896
9353
2883
3627
1099
8774
3818
1724
1846
6916
5285
5602
1065
8235
1418
2773
2345
3603
3863
5131
9039
7917
1600
6786
8581
3352
2929
3979
9827
1195
2713
7923
5582
9105
1957
5992
4135
9287
9320
6604
8289
2364
5887
4980
6932
6843
2185
9203
5857
1270
3975
2752
3344
3189
4943
2417
8942
4901
9656
4546
9984
1660
1719
9944
8903
3713
7565
3401
5709
7907
7467
7647
1180
1925
3072
2747
5817
3326
4686
5330
7559
3409
4561
8332
5484
5316
4859
7646
3362
9515
3162
2286
2218
2257
1874
9041
3085
3102
6456
9138
9329
3800
3868
8055
8391
6209
6697
6028
3380
9753
8001
3073
1217
3277
8948
1204
4341
1085
9561
3373
1405
1683
5588
8421
3407
3884
5364
1789
2294
5593
2694
7755
2389
8407
6377
8268
5401
6794
7781
3914
8045
8709
4583
8625
5866
8136
1114
1486
2739
9009
5400
3511
5735
9211
8337
8334
2201
7261
4238
2820
2265
5771
9538
5271
2923
2835
1833
5270
9144
8239
2979
4672
4353
2357
4005
3153
7162
2587
5637
5854
7083
4935
1097
7607
9370
9588
2697
3955
7612
4432
8998
9170
4481
3720
5875
6273
7741
4988
3281
8683
1924
9547
5456
3039
2434
6215
9025
6779
4313
3883
3293
6036
9190
1758
5956
2553
9867
3885
1922
3317
9175
3247
5143
5442
8132
8507
7225
7258
9400
3834
1525
2555
8677
4299
6483
6548
3270
4429
3973
7814
3244
8488
3695
5634
6240
3814
1676
5146
2956
3396
7272
5410
4126
8073
3249
2893
3243
6641
2584
8864
7203
9912
2991
7730
8184
2124
2817
1400
8852
6851
7398
1509
8648
1094
9079
4843
3837
7068
1421
2163
6364
4888
6115
4399
3183
6150
2652
9636
5289
2603
6135
6893
5684
2156
2235
4676
4491
2118
3700
9481
7459
7070
7102
8519
7212
8111
6032
2001
3199
5534
2306
7866
5617
2538
4692
7440
7942
3306
2140
2487
6546
6739
6919
6246
5950
7855
6783
8751
1877
5461
7155
6718
6025
6744
3384
6332
9349
8804
5320
1300
2534
8128
3550
8120
6099
5373
5604
1934
1569
8994
2146
1336
4786
3531
5105
2091
6640
6600
5585
1474
7174
7345
2819
5508
1224
9612
8090
4240
2142
6287
3893
3782
8649
6290
8012
5101
4804
2857
4431
3358
2370
4587
4233
3422
6030
8616
2260
2082
5510
2427
5914
1690
4143
4446
4202
9195
5600
7293
3693
3461
9340
4279
5839
6365
6195
1992
4827
3154
1959
4196
5678
4956
9683
7802
3901
5821
2985
4706
2999
8759
7981
7639
1280
1319
3860
9637
3494
7574
9438
6738
9727
5646
5737
6677
3269
8794
4180
6421
3594
5194
1299
6078
1625
1584
7081
1057
9724
3651
3268
8536
4655
9239
8486
7894
3604
4469
9758
5819
5891
1778
9102
5743
4824
2237
3280
9868
4320
3498
3404
5724
2569
5631
3462
4271
5375
5063
6517
3791
4916
9200
8880
3075
4100
3308
9389
1297
8447
3035
2860
6853
7967
5302
7214
8834
8426
2471
9762
3647
8703
8638
4119
2214
6972
9418
7556
5885
4746
5099
7711
1415
2947
4114
2763
9013
8738
5422
9951
9587
1489
3240
6118
2172
5436
5148
3833
2939
4244
2798
3466
2460
1181
5877
8862
5467
5535
9294
4112
7402
9521
9335
2530
7234
7568
9460
8385
2634
9525
8315
7373
5240
1146
9449
4838
4040
4991
5895
2458
4578
2210
6006
4881
8076
6354
8773
6758
7801
3057
3838
8114
9592
1125
8430
8713
9750
7884
7186
5809
1279
8178
8290
6896
5050
3679
6805
6429
6963
3357
5814
7484
1577
6746
9160
6704
7665
6828
2180
8460
5953
9284
5742
6826
5110
9042
1221
5073
6467
4115
9347
6849
8014
1769
8056
8795
4501
6144
2354
4021
2444
5114
9638
3195
7562
8145
2043
2720
8845
2740
7201
4003
2198
5609
7896
2079
6722
5816
7874
7555
8458
6662
9115
1215
4715
9688
8376
7515
5237
9166
6774
3770
9782
1739
7713
8763
9332
9946
1814
5424
3881
7134
3642
9792
5810
5750
1616
7671
1098
2836
8514
8373
4800
7972
5266
2088
4529
5761
9796
6023
9699
5898
1592
6218
2248
4329
2356
4544
2359
7478
4340
8859
5190
1206
9273
6955
3009
2930
7405
9740
1513
6022
6277
9206
2997
5545
3963
6988
2901
5659
5315
8162
4047
5495
1960
8678
8436
6021
8727
9028
6592
4832
8339
2157
1929
8652
5666
5517
2558
7136
2284
5235
4141
5853
6457
3303
2264
6658
4203
3221
2889
8934
6996
6949
6378
6458
5807
1426
5501
5512
3757
2902
6707
2935
7494
1352
2010
7419
2546
9540
4989
7617
7454
7623
8916
5719
2373
2183
8600
5667
3972
3026
8785
7411
5344
4425
9271
5162
7614
2422
7482
8194
8728
2791
8187
1830
8857
4236
6001
8383
1519
4287
6002
8117
8674
4383
9280
8999
1410
6210
9857
1347
9755
4870
8271
8902
7593
9965
4876
3758
6900
9622
8075
5927
4449
1357
9426
5882
3909
2008
7342
1394
1851
7279
9794
8311
9998
9886
9322
2308
4649
9921
7653
3601
8293
7366
9879
8522
5233
9291
2479
4364
5412
1389
5109
5653
9663
5584
9659
7527
4871
2761
1220
3831
1906
1482
4810
5717
2892
8588
4869
8855
6346
8789
6114
5077
4723
6337
8115
8790
7071
6967
8572
8380
2227
7543
4717
6465
2869
6971
5812
4450
7944
8923
5010
4029
3350
7390
2699
5676
7399
1160
2801
4520
2850
3948
3959
4487
6702
1120
4235
6717
9256
2069
5486
6385
2537
8667
5222
4639
2524
2784
6387
8351
6304
3632
9378
9148
6063
5086
6407
5862
9242
9931
7448
6771
3012
4922
9410
8062
7819
6551
5792
7058
6868
7475
1873
9253
5872
8909
7994
6398
4087
8981
8387
6124
7739
9929
9959
9754
2244
9165
2442
6922
3708
8927
1453
1277
9471
6712
6838
5776
1500
7361
1983
6530
1055
8608
9694
3858
2824
2527
8026
6981
2711
9275
9257
6626
1752
6321
4739
3895
8386
9201
4489
3410
9092
7878
7906
1026
7760
7899
7449
7086
3448
7251
8482
9966
3325
5100
6134
8596
7463
6047
1406
8629
9835
3444
1928
9883
4580
4999
6588
5951
2403
6989
6683
3804
7491
2591
8371
2687
1995
9690
7797
9807
5358
7453
6597
2863
4097
3930
6655
5054
2178
2366
1176
1382
5894
1213
6126
4735
7829
3691
6106
3547
8642
9571
1888
1997
1850
7601
7291
2017
4592
6671
2194
7205
9564
9717
4067
8252
3957
8193
4781
3053
2498
4566
9602
6563
5522
9773
8182
5021
7193
4030
8192
7090
6149
8770
1256
7887
3112
7371
1238
5133
8557
6755
2143
1732
3595
5740
6991
7975
6216
3129
6470
4877
3364
5708
7966
4074
5521
3580
9289
3332
5848
9005
8030
6545
5288
6669
6356
4585
4557
1602
1919
7694
3859
9447
8423
3871
6348
4808
4379
1069
2877
5989
9405
1157
3970
6447
6911
4049
3198
2565
4274
1867
7960
3109
5020
7100
7020
9520
2145
9958
5490
1268
6542
7340
4555
4914
2094
6212
2375
7157
2174
3938
3097
7595
3643
2212
6767
8858
7267
5169
3489
5317
4081
3187
1761
8949
3266
2517
8154
1067
9387
6682
3006
4990
7072
1824
6228
2564
5242
6537
3347
2504
6404
8622
6013
6073
8639
7017
9557
4703
9653
6890
4758
6368
9993
7833
4707
6842
5208
6581
5398
3915
7902
5275
3502
3175
8068
1810
9402
3522
2155
9908
5635
7166
8971
1763
4197
4693
8991
5353
5651
9073
6299
3889
1667
3839
7248
6913
1704
4035
7152
3150
8842
2197
5243
7247
2608
2686
1435
1790
5000
9068
8039
4065
1080
1645
7720
1744
7050
9205
5963
7928
1937
2578
2646
1029
4854
8301
4588
7401
5762
8057
3870
7156
6795
9199
1848
8245
4571
9466
8869
1106
1970
4958
3168
9846
6765
9030
8594
2394
4122
8548
9000
1034
8697
5702
6116
6628
3215
8750
4058
6540
6249
8443
7223
1559
7032
4570
6453
8506
6471
6731
9643
4130
4488
2384
6136
6282
4542
2829
8304
4880
6934
8912
8034
2482
2256
4889
7238
8884
7926
8109
7652
4641
4302
3608
9376
9935
1345
2514
3613
1005
4744
5369
1793
3140
7663
8087
2115
4323
3682
3759
9685
4904
4951
4044
7861
5514
9632
2107
8404
2878
4632
1786
9736
1100
1342
2441
9106
4356
1973
3976
9011
4061
4597
9691
9865
6469
6769
9989
6974
4918
4946
8009
5367
5276
6803
9326
5910
5996
7788
1705
2647
6168
3710
5287
1324
3451
3040
6808
4675
6947
9973
2451
5244
7359
6907
6045
4950
1193
7508
3737
2526
6146
7956
4265
8479
2360
5380
5468
5578
9581
7988
5033
3784
7181
5907
6833
5247
7246
3167
5370
7762
2688
8444
7511
1077
2385
3078
8277
8604
3438
7222
4412
1475
1701
1101
5576
2283
4248
7147
1472
1161
8094
6235
9836
5654
6396
4243
4022
4894
4038
2243
1021
9648
6388
2432
6190
8365
7679
4668
8895
4702
1008
5173
6582
6487
5291
7282
3786
2989
3882
7131
1988
5870
8692
3113
1887
9718
3739
2129
4157
3607
7571
1745
8041
5376
2915
4647
7316
4974
1408
2658
3812
5071
5733
6701
8826
6279
1969
8005
3130
9576
9542
7381
8261
4284
3080
7540
8538
3667
1007
6954
4978
9662
2698
7991
9259
1566
1040
9377
5619
4825
2334
8183
4513
9373
6265
6836
5349
1030
6367
3478
6201
4111
4208
6103
6539
3826
5391
5126
4775
8137
9325
1746
4698
7241
9075
4456
6056
7275
8545
7850
8282
3338
7354
7834
6318
5633
8820
1630
7725
3179
8781
1292
6796
4460
4428
8590
7321
3673
6311
9360
8737
4550
7076
2507
4595
7357
8220
6171
4309
7167
4317
1149
8119
6084
8543
8205
8668
9500
2004
9308
9399
1105
3572
4818
3532
5253
8753
5798
4355
6599
3295
1750
2938
4230
4671
2005
7651
3279
5018
6324
9850
8453
6745
5594
9494
5224
7274
7269
7773
9585
7067
2147
9799
2324
9321
7951
2459
2844
3069
8416
5335
5031
5741
8466
1753
9834
6188
5625
9761
4925
6873
1011
5037
1488
7077
7669
4826
2973
8195
7313
6782
9097
2208
7035
7813
1673
7729
8890
2046
1166
6839
5360
9634
5217
2499
8575
1904
8188
8631
1355
4245
3968
6550
5843
8776
6270
6884
9014
5570
4761
9278
1368
8867
2266
3709
9759
2919
4064
2783
9950
4526
2035
7283
8527
6757
2057
5231
9019
8549
2705
8925
2663
8695
8850
6042
2625
3439
1626
4316
8930
9903
4939
9395
3950
4386
2379
1729
9159
6909
2241
2827
6325
9143
3434
8831
3949
2420
1875
6076
1891
2465
7934
1984
2219
3661
6147
6333
3212
4117
4865
2052
4654
4777
2704
4816
2932
8354
6886
4551
5326
6440
3675
2225
2404
4213
9392
9089
3328
2690
1695
8898
1917
2050
8534
8828
3302
6155
9026
3166
3557
3052
9044
3431
1741
9029
5947
2950
7554
6338
5855
4601
9375
9236
2310
9967
4839
8318
9254
1148
5182
5005
1278
6962
7200
2285
7869
4862
6359
4748
1259
7980
8978
8797
4043
3257
7656
3487
6610
8411
6646
5683
8891
3686
5416
4805
7526
9333
1998
9895
7637
4910
9255
3225
1070
5693
5668
8730
8288
3037
1228
9806
4295
4783
4034
6703
3493
4470
6844
2685
6931
7756
3100
8979
9749
9726
8583
7493
1343
8685
4640
4779
3714
7937
3017
2274
7276
3736
9823
4082
2900
3387
5322
1203
7495
5532
1448
9839
5889
2513
2410
2648
3558
2490
2013
9103
6770
4370
3250
7723
1162
7051
2593
1437
3707
7379
6252
1445
9385
8023
2072
9492
1598
1947
2077
3030
8951
8619
2741
7139
4174
8300
1144
6860
7502
7857
5197
4977
7043
6479
6384
2411
7971
6393
9914
5337
4028
5591
7575
3569
8095
8606
6914
8198
9603
3873
3994
2644
6678
1501
6754
4482
5014
3528
4127
6807
7480
8658
5768
3648
5639
8915
3701
2668
9802
4895
6675
9023
3455
1499
5043
3425
7499
5886
1657
1327
7596
9805
3064
7118
3534
5161
8779
3391
5901
6556
6924
8440
7400
4258
3146
2132
7772
9536
7378
4533
5230
6452
8734
4563
6818
2141
8131
9919
3811
1655
9315
1643
7782
4024
5945
2462
5789
3305
7300
5569
5918
5605
6113
2961
3626
1222
9379
4433
3869
5440
5913
6034
9146
6112
1940
5129
5497
1273
2771
8865
9681
7677
4799
5596
1631
1646
2754
3267
5362
4954
7436
3514
8708
9408
9918
6153
8275
7703
1287
6375
1975
4345
5564
8335
8468
9279
8835
5366
7230
5984
7688
8281
9543
1869
7161
8403
8473
4263
6094
8938
7145
4103
7830
7165
8244
6880
1784
2103
4997
2785
8221
1392
7840
6059
8259
4398
6695
9182
8352
6944
7748
1201
2020
5753
2734
2380
9539
4545
2055
2125
7758
8382
9870
3984
7761
6495
8947
2675
6289
3517
4857
9775
6532
3176
8688
7993
2626
8918
2399
1232
5909
2242
8060
6297
5550
8341
1568
2252
7805
1777
9714
9135
4371
9680
8309
7451
8397
7244
4602
3769
4708
3412
7149
7868
7060
7794
7280
3519
2557
6715
2862
9915
8670
6862
8894
8096
5623
9324
9517
1121
5003
8803
2261
6291
8345
3566
1189
3628
2216
3752
5480
8457
1679
3730
4051
4629
1330
7404
7822
8871
5423
1103
9611
7872
7088
5536
2323
9859
8016
9513
3375
7974
7969
3916
1633
2854
1358
1155
8297
5384
3316
8422
4864
3929
3840
7803
1650
9728
4532
3388
2015
6413
6173
2856
3111
9491
3041
8889
4594
8231
7886
6920
9093
5070
4573
1915
2337
9108
9593
8123
5756
3573
4937
6281
5729
5308
5475
1974
3450
4158
9687
3386
7116
5780
7681
4687
7531
4375
3220
3974
8200
7350
5787
1718
6088
2925
1582
6207
4512
7744
1844
3446
7046
7827
3625
6029
6411
3237
1231
9831
5876
9302
2250
5835
8931
7164
8071
8480
1253
7716
1323
5544
6591
9388
7548
4349
8250
7294
4060
3780
9263
8836
6204
4107
3746
7427
8987
8356
4224
2031
5458
9476
7533
9901
9397
9977
1529
7659
1776
4241
1931
9161
7945
3518
1756
7627
8418
6142
3084
2887
9132
8377
6415
8989
7528
1335
8870
7004
7905
3282
7518
6727
1725
9654
2494
8357
1325
9605
8783
2204
9407
6633
6735
5572
2347
9486
1128
1747
1652
5829
8141
1573
4435
8211
6268
9580
7426
6969
9192
5734
7931
7890
5649
4559
8003
7233
8780
2307
4459
8419
7172
2805
7197
9222
9741
9479
3027
7949
4023
4851
9483
1064
4275
5157
1142
1827
7909
6419
9098
7348
9577
1450
8921
2677
5691
4556
4646
6878
3043
3876
3574
6234
2814
9300
5404
2226
2899
8330
4642
3852
2594
7650
6439
6278
5560
5739
8563
8432
8756
4743
8185
7397
7862
1250
5820
9065
4048
4541
8788
1935
2485
1294
1387
8911
7691
2508
8247
3128
8592
6951
4076
7268
3139
2533
8497
4278
2016
6613
1293
9122
4801
9760
9815
4625
8305
5378
8044
1383
9655
3115
1367
2974
2861
4911
5626
7929
2709
1507
5973
9890
4495
1485
8698
6929
7851
9563
3828
3935
1179
9627
9737
4701
7918
5047
4496
6845
8814
9985
9544
6200
3264
8274
8714
1624
5561
8031
8082
3065
9911
8969
6342
1574
8724
3013
7434
7265
5082
3768
5672
6442
4720
5546
6603
4621
9804
6775
4079
9139
8571
7142
5883
7792
7628
8853
6020
5682
7752
1651
8032
2414
3610
4164
5379
5307
6329
8215
7953
7158
2338
6797
1686
3419
3177
1022
4181
8721
6544
1779
4255
6696
8535
9863
4847
9112
4007
2019
3107
2196
9128
8946
8161
3465
8614
6323
1688
1564
4586
7310
1433
3340
6072
9124
3920
3472
9763
9964
9845
9229
2842
9489
9072
3864
9535
7260
9523
6719
9842
4154
9930
2253
9091
9369
2464
6815
7820
4596
3851
4334
1821
3980
9784
9888
9027
2576
1047
2321
9077
7485
2528
4763
8127
2066
9957
3246
8578
4403
6753
3575
8959
6672
3460
4354
5509
5493
6832
1079
1271
9204
9700
8292
5599
5267
1901
5538
3496
4774
1627
7824
1245
3392
6503
7477
1452
3068
6008
7023
9154
9971
9777
4521
8823
4819
8699
4318
9136
2649
1194
8448
9478
6358
8937
5408
9819
7337
8102
9454
3932
8327
7965
7549
9695
2733
7547
7481
5089
3048
5365
7254
4189
4784
5113
6125
9522
8962
4032
4830
9298
2085
6198
2160
2405
2545
7757
6010
6694
4929
7875
3539
7746
4442
6194
8669
3495
3287
6927
6572
8204
8579
2453
6685
7537
2000
4128
1539
6213
9456
9414
4722
1900
1001
8982
9793
7712
5212
4517
7692
4539
1907
3787
7027
9288
5554
5680
9404
7915
9768
5154
9905
8251
9337
8530
6508
8317
6943
2825
3251
3996
2233
7089
9955
4291
3808
3054
9497
5530
9926
7335
9141
5295
5069
3640
7509
4332
7333
3155
5850
3527
4809
5902
7474
3468
8966
7641
9528
1884
6219
2245
1354
9917
8218
2881
8037
2618
7355
3484
1295
2116
6751
2780
1842
9877
2372
9187
8752
7256
5446
8363
9169
7442
9431
9986
6837
2927
7414
3941
3076
2945
8872
6968
7389
9209
6501
9002
4490
7661
6062
2843
9902
3698
9268
9629
3774
5736
1471
9435
5710
8470
1524
1557
8525
6901
2953
2418
5441
8474
1856
1912
5433
1800
1267
3469
9783
4145
3143
2550
5900
9610
4669
4704
2220
2532
3577
8612
2851
2918
4835
1380
8481
7927
7330
4161
4178
1964
6679
2566
8663
3946
1425
1691
7044
9882
6455
6772
8118
1291
9504
9224
8059
6248
5537
6131
5864
7041
1363
1209
6708
4716
6910
9083
1726
8406
9415
3939
7750
7754
1416
7030
6184
2718
2232
9541
4873
9516
3476
7771
7412
4569
4907
5405
4273
4484
6692
6730
9939
7351
3458
2978
9464
2531
7488
4417
3133
9100
4210
5686
8409
2293
7078
2322
4102
7237
7932
6637
8599
8435
4628
6684
6562
9562
2636
6285
2510
3172
8124
5429
7066
9635
1588
9978
9887
8374
6986
2064
6891
8735
2246
2397
4742
6811
5283
2834
4750
2666
6799
7320
6137
1083
7685
1340
1737
6024
6095
8258
3762
3077
3810
6157
5863
2637
7375
8696
1560
3813
1056
7910
8392
1893
2327
1757
4514
7566
3820
7036
2176
8027
9455
8331
8234
8475
4314
7159
8953
6122
8257
9412
9514
2509
1399
6166
1788
1170
3742
9733
6428
2692
9596
2042
9566
1706
2966
7817
4886
9961
7006
1538
9790
9241
2320
4476
9994
1359
2443
8829
4391
8792
5027
3071
6614
8892
7506
1443
1301
9473
9444
3222
9056
5836
5936
1795
9215
8687
5463
9619
9477
1167
9202
6567
4378
2161
7003
2153
3066
8278
3239
2325
6711
4018
1723
9565
8758
8191
7422
4430
8286
6643
6926
4681
1302
5671
7226
8984
7025
9825
5296
8169
8706
1168
3108
6130
2908
7307
3087
7973
5920
8726
3874
7759
8035
2847
8666
8439
4120
8893
3962
4477
4337
7844
1461
6565
7347
2613
8105
8353
8757
8908
8367
5551
3260
9990
1599
2289
3081
5852
9570
7930
8484
3074
5334
2439
4163
4893
6564
8832
6016
4480
7376
8861
9582
3571
7253
2611
6427
5972
1583
4996
1921
9983
1674
4817
6186
5165
5721
5904
4740
1815
7169
2776
5403
7022
1326
8173
8632
8395
2738
2449
8768
3346
5565
3564
3123
6275
9393
5393
7099
5888
7704
2025
2376
8502
9328
6374
9900
2340
5916
7976
8717
9710
7525
7473
2515
3036
3275
5567
6167
7428
6994
9529
6133
7642
2309
9178
6607
8819
7611
9346
1881
2885
3405
8360
9532
9711
9976
2011
3715
1174
8427
1191
7103
3763
1905
8900
2679
9058
9812
5067
2149
5974
1462
3857
2788
6930
6431
8993
7097
7743
5299
3533
7727
4537
9801
2053
9274
7582
4605
2549
1058
1093
9936
8787
8568
8052
1313
7105
8384
8644
7865
4497
5871
4084
1237
7888
9498
9668
7420
1712
6179
5908
3988
2800
7852
7095
3161
3334
7982
6577
6460
6825
1412
8784
7135
6990
7979
1578
3721
3847
8743
1386
8882
8799
5092
2415
1911
5421
1813
1669
6182
7137
6874
1275
2849
8378
5580
6902
7643
6477
6789
2735
7444
8241
4017
5587
7418
4896
4509
7925
8190
4206
1941
7867
2318
9732
8684
5451
9193
6267
8359
4304
6568
9305
8262
7841
3335
9060
4483
4261
2346
3645
4841
2568
1108
6710
8212
7584
9866
3464
1807
5282
9545
5443
3118
9669
7676
4572
1003
6534
6997
7486
1820
5414
5174
6747
7352
1828
9248
3906
8431
7585
6302
9331
3355
1133
2014
3618
8108
7828
9334
3553
6513
1692
2969
4093
8806
2755
7415
2952
5581
8665
2864
8477
7416
5986
4401
4110
2934
3136
9424
4400
6691
8609
3925
5078
2398
5837
7655
5826
2879
7610
9276
2968
9316
6148
5013
3586
4643
5831
9104
8276
3436
1540
4659
7163
9031
7101
3772
4941
8924
3704
4359
7221
5049
4660
9642
7968
3093
8748
4338
2916
1581
5032
9604
7576
8841
5955
7521
7853
1865
6170
8229
9336
1182
7259
5138
1046
4479
5219
2369
4096
2335
8980
5377
8350
2230
4903
6366
3148
4463
3817
3369
7363
2967
5874
7520
1637
5053
4837
1623
7299
4909
7127
4298
8209
5799
1526
9001
3830
7708
8654
3079
6105
5144
8764
2933
5145
7367
3524
8197
9824
9906
8110
3456
5009
8591
2643
5345
6309
4311
6980
7936
6120
6984
6618
5800
1409
9891
3827
6041
8661
2653
8483
4218
2577
9269
7228
8767
8163
6939
2922
3045
1634
1811
3672
9963
2269
6946
8140
2223
8540
9698
6017
7462
8414
2387
4116
1018
8155
8256
8362
2529
9856
8344
6351
6552
2521
8541
9649
7666
8074
3656
3523
2984
3299
7683
2589
7469
6262
9425
2480
1073
1023
4897
7202
8879
9054
8043
8643
5794
3090
5319
5214
7546
2367
2609
9127
6203
6636
7498
2525
1184
5527
4564
8964
8323
8025
3141
3843
9467
7615
1331
6386
9747
5238
4936
7812
4638
9837
6123
5929
5236
7329
1183
2412
7686
5903
5838
9052
7989
6110
8520
7168
6987
2296
3033
7303
9675
9150
4920
4727
7154
7753
2215
2744
9313
5472
1909
9082
1417
5264
9419
8593
8580
9892
9613
9987
7143
9925
5985
7445
8097
5228
8830
6870
3615
6152
4001
2177
7123
6667
1528
1714
2452
7558
4769
2416
4498
4637
7598
9303
6400
2467
5057
6463
7798
2874
9016
7289
3902
5051
3944
6800
7413
2607
2430
5038
5304
6202
2600
4964
3585
2941
9038
1802
1556
5516
3977
7500
5008
9569
3747
2910
8958
2730
8960
5249
1967
8269
1621
7014
8375
1033
7295
6033
9972
6306
1504
5293
1413
8771
4635
9558
4395
9176
7236
7312
4361
8158
6468
5074
4667
7365
9586
2812
9991
2804
2481
6616
4511
3583
3692
8263
9853
9578
6938
3473
5917
6071
7450
9937
9465
8772
2158
2959
7257
9884
7717
9004
3711
4078
3096
9216
7796
9855
9506
4626
6978
7986
7175
3942
8840
6822
8796
9633
1171
5419
1172
8322
1244
7632
5664
7807
8786
9188
7038
4041
2078
5155
9080
8307
3428
9218
8425
7388
2846
1608
8877
9503
1431
4538
2408
1858
8066
8558
7662
8143
8899
5034
7995
9708
3105
5372
2181
7914
9651
5964
9210
6009
3324
7835
3481
3805
2944
7881
7204
6436
7296
4543
2700
9735
8719
1567
9111
4288
6101
6958
4294
8651
7433
5714
4691
2022
4468
7362
3120
8837
5196
8863
9556
7821
3207
8975
7239
8434
8355
8660
1396
8922
9982
5254
7722
1276
9854
1987
6082
6514
9043
8225
7673
7460
2188
8561
5978
3449
1028
8560
2148
9240
4833
4711
8950
1110
1317
5386
7245
1545
8053
2853
8569
3011
8067
8050
4445
1561
7911
6748
7308
5318
7660
5652
9432
7344
9742
2211
8736
7034
3323
5471
1465
4821
3479
1109
9591
7992
4921
9243
9706
3447
7842
4052
9311
7577
8133
7630
3680
7218
3846
1420
3024
1781
7846
1088
1436
8509
8285
7634
1438
3505
6726
4863
1089
8227
2943
9208
8130
9381
2831
6830
6976
2068
7675
2590
6576
3659
9049
4812
5994
8463
9828
2639
9860
9362
6343
8283
8298
4623
9074
3023
2070
9356
5041
8551
2855
8326
6555
9550
2676
8712
2756
6128
1663
5128
7882
6810
5589
8176
8254
6515
6970
2472
9693
2987
9246
1816
2894
3254
8664
7859
1894
2562
2659
8601
3209
9003
9299
3894
1971
2084
4753
8319
9219
2767
9034
7613
8843
8366
6301
1547
7242
3705
8805
7636
5513
3513
5610
5354
5095
8312
6473
6656
9923
6370
8896
8462
6819
9829
4807
2258
3042
1484
4984
4434
7532
7800
7873
5806
7343
2585
3134
5452
4046
5024
3253
9623
2002
3319
7513
9283
7220
6820
8511
7409
7315
8006
3961
1845
7332
5055
8201
5311
7998
6061
8529
9020
2757
2866
1572
4574
1117
9646
2635
5383
3727
7689
3406
7922
4109
6950
7578
1986
8848
1514
9448
4527
6496
2288
7133
5760
9319
5583
5186
6827
4069
9286
8791
1281
9552
6416
6211
3395
9429
1143
5505
7195
8172
3110
1240
9301
3193
5438
7849
1819
8508
3614
8084
6422
9510
4656
7042
3397
7621
9247
6809
7189
9869
8490
6960
8573
6259
2159
8570
7535
7787
4136
2937
6948
5350
3556
5147
8716
7319
9120
8932
7667
9428
4719
9995
2931
8710
9873
2886
6977
4228
5660
6298
3483
9997
5406
9453
6854
9008
3775
4673
8732
2706
2045
7913
2059
8072
8704
5163
4993
7644
1015
6848
9575
4458
9420
5455
1019
4362
9980
4297
9021
1407
9549
9960
8731
3549
4015
2275
3697
8267
3540
6925
3751
7586
5226
7054
1036
1328
9312
4736
3273
4874
8680
9722
6286
9055
7514
7331
8846
8553
9707
1603
8875
2259
7579
6663
8004
5096
7542
8320
3722
6835
9664
4934
4351
4933
5035
9934
8438
2438
7364
3001
9458
7826
8296
3781
6536
8597
3543
2489
8086
7501
8516
7490
1124
7789
8171
6681
2872
7224
4969
6834
9715
9511
8487
4731
9781
9155
4906
7999
9947
5722
5357
7536
1532
6092
8901
8856
6360
3910
5413
8134
2255
9037
8116
5675
1783
5858
2680
6339
9928
4976
8707
4519
9099
7908
8369
9609
7948
7921
9258
5300
9119
9051
1503
3865
6233
9416
9600
4175
5643
3793
1866
5093
7008
9731
7080
8676
7386
8533
8272
4795
8811
2722
8860
4283
7287
5935
7314
1096
1516
3663
6778
6444
9250
8977
8217
3803
8888
9451
5763
7904
5764
9770
7563
7430
8156
6940
9423
3190
7871
4682
9671
4606
9626
7306
3989
1234
7530
1818
7553
2120
7447
8954
3911
5859
9992
1312
5122
7825
7198
8160
3263
5239
7304
9665
4944
8152
9475
7763
8189
8491
3296
7505
9568
7638
5425
8368
